-7.458134171671000345e+00 -7.712320754503899423e+00 -7.458134171671000345e+00 -7.712320754503899423e+00
-7.175704635189999792e+00 -7.712320754503899423e+00 -7.175704635189999792e+00 -7.458134171671000345e+00
-6.861894039099999176e+00 -7.458134171671000345e+00 -6.861894039099999176e+00 -7.175704635189999792e+00
-6.513215598999998690e+00 -7.175704635189999792e+00 -6.513215598999998690e+00 -6.861894039099999176e+00
-6.125795109999998544e+00 -6.861894039099999176e+00 -6.125795109999998544e+00 -6.513215598999998690e+00
-5.695327899999998778e+00 -6.513215598999998690e+00 -5.695327899999998778e+00 -6.125795109999998544e+00
-5.217030999999998642e+00 -6.125795109999998544e+00 -5.217030999999998642e+00 -5.695327899999998778e+00
-4.685589999999999478e+00 -5.695327899999998778e+00 -4.685589999999999478e+00 -5.217030999999998642e+00
-4.095100000000000406e+00 -5.217030999999998642e+00 -4.095100000000000406e+00 -4.685589999999999478e+00
-3.439000000000000057e+00 -4.685589999999999478e+00 -3.439000000000000057e+00 -4.095100000000000406e+00
-2.709999999999999964e+00 -4.095100000000000406e+00 -2.709999999999999964e+00 -3.439000000000000057e+00
-2.709999999999999964e+00 -3.439000000000000057e+00 -1.899999999999999911e+00 -2.709999999999999964e+00
-7.175704635189999792e+00 -7.458134171671000345e+00 -7.712320754503899423e+00 -7.712320754503899423e+00
-6.861894039099999176e+00 -7.458134171671000345e+00 -1.067123207545039065e+02 -7.458134171671000345e+00
-6.513215598999998690e+00 -7.175704635189999792e+00 -1.067123207545039065e+02 -7.175704635189999792e+00
-6.125795109999998544e+00 -6.861894039099999176e+00 -1.067123207545039065e+02 -6.861894039099999176e+00
-5.695327899999998778e+00 -6.513215598999998690e+00 -1.067123207545039065e+02 -6.513215598999998690e+00
-5.217030999999998642e+00 -6.125795109999998544e+00 -1.067123207545039065e+02 -6.125795109999998544e+00
-4.685589999999999478e+00 -5.695327899999998778e+00 -1.067123207545039065e+02 -5.695327899999998778e+00
-4.095100000000000406e+00 -5.217030999999998642e+00 -1.067123207545039065e+02 -5.217030999999998642e+00
-3.439000000000000057e+00 -4.685589999999999478e+00 -1.067123207545039065e+02 -4.685589999999999478e+00
-2.709999999999999964e+00 -4.095100000000000406e+00 -1.067123207545039065e+02 -4.095100000000000406e+00
-1.899999999999999911e+00 -3.439000000000000057e+00 -1.067123207545039065e+02 -3.439000000000000057e+00
-1.899999999999999911e+00 -2.709999999999999964e+00 -1.000000000000000000e+00 -2.709999999999999964e+00
-1.067123207545039065e+02 -7.712320754503899423e+00 -7.712320754503899423e+00 -7.458134171671000345e+00
0.000000000000000000e+00 0.000000000000000000e+00 0.000000000000000000e+00 0.000000000000000000e+00
0.000000000000000000e+00 0.000000000000000000e+00 0.000000000000000000e+00 0.000000000000000000e+00
0.000000000000000000e+00 0.000000000000000000e+00 0.000000000000000000e+00 0.000000000000000000e+00
0.000000000000000000e+00 0.000000000000000000e+00 0.000000000000000000e+00 0.000000000000000000e+00
0.000000000000000000e+00 0.000000000000000000e+00 0.000000000000000000e+00 0.000000000000000000e+00
0.000000000000000000e+00 0.000000000000000000e+00 0.000000000000000000e+00 0.000000000000000000e+00
0.000000000000000000e+00 0.000000000000000000e+00 0.000000000000000000e+00 0.000000000000000000e+00
0.000000000000000000e+00 0.000000000000000000e+00 0.000000000000000000e+00 0.000000000000000000e+00
0.000000000000000000e+00 0.000000000000000000e+00 0.000000000000000000e+00 0.000000000000000000e+00
0.000000000000000000e+00 0.000000000000000000e+00 0.000000000000000000e+00 0.000000000000000000e+00
0.000000000000000000e+00 0.000000000000000000e+00 0.000000000000000000e+00 0.000000000000000000e+00
