-1.205292966497962226e+01 -1.445772358883559328e+01 -3.218062994399141274e+01 -1.541145789007299527e+01
-1.079200795000159374e+01 -1.450308994567725662e+01 -1.395783242344499264e+01 -1.256685205576472519e+01
-1.075499400266216554e+01 -2.654705755416630453e+01 -2.427446788016506218e+01 -1.372027026425804408e+01
-1.037345589931884859e+01 -1.358564876086199291e+01 -1.345738516000048612e+01 -1.566703810277017261e+01
-8.421395819679080574e+00 -1.441734289880803921e+01 -3.910196926037754395e+01 -1.156264595733520295e+01
-6.671401556515659692e+00 -2.609210307889455649e+01 -6.096914337385562987e+01 -1.237467898762445273e+01
-6.397278960577105877e+00 -2.336797471583781061e+01 -1.363491663056551495e+01 -1.662757312137352983e+01
-7.558818818061823208e+00 -1.237554486459424297e+01 -9.405393019451540937e+00 -1.552586711770148220e+01
-4.932018366474862248e+00 -1.119140716652326972e+01 -1.269141780856752888e+01 -2.061601702195482844e+01
-3.738962809463914461e+00 -1.279514410406663316e+01 -1.122198379905116639e+01 -1.451294916730427431e+01
-2.751970282202466755e+00 -6.719171010291386636e+00 -3.915480956492745435e+01 -4.513271930741919569e+00
-4.376505449270624126e+00 -4.586843894086792162e+00 -1.906591362309918658e+00 -4.080130190697276227e+00
-3.470272457386117537e+01 -2.084084707185140317e+01 -3.420595537749200332e+01 -1.293658255439455118e+01
-5.532982889547060523e+01 -1.170586100438575272e+01 -1.107139458277026449e+02 -1.506958305629825290e+01
-1.332438311869030478e+01 -3.316694870770617598e+01 -1.108445235292066116e+02 -2.187060599131385175e+01
-3.347961647570927113e+01 -2.087554191261820336e+01 -1.103546434578910862e+02 -1.209589720131482338e+01
-3.374218495719895117e+01 -1.546600976373867198e+01 -1.099648193860855088e+02 -2.198068765571262873e+01
-3.144210321467000568e+01 -3.568841999370924611e+01 -1.103815639693043522e+02 -1.025147675503197675e+01
-8.824551509443516295e+00 -2.239583367988038276e+01 -1.114975957599364591e+02 -1.172829429544610136e+01
-2.147499599963271777e+01 -2.229243448736908562e+01 -1.103992759865405588e+02 -6.512354656399928388e+00
-6.660040386293997017e+01 -1.390020562996233799e+01 -1.093929860889738137e+02 -8.922191878386055208e+00
-2.750907848226297858e+01 -1.015442635314598618e+01 -1.109368246750069034e+02 -2.117289113385741928e+01
-1.907503439501843090e+00 -3.658514852110033466e+00 -1.104356070167122539e+02 -4.272468229368966419e+00
-1.996484457685963276e+00 -2.798256213044941099e+00 -1.000000000000000000e+00 -3.795053766352778357e+00
-1.115677216431186309e+02 -5.777764949194687460e+01 -1.288770725384239135e+01 -1.220426781801482896e+01
0.000000000000000000e+00 0.000000000000000000e+00 0.000000000000000000e+00 0.000000000000000000e+00
0.000000000000000000e+00 0.000000000000000000e+00 0.000000000000000000e+00 0.000000000000000000e+00
0.000000000000000000e+00 0.000000000000000000e+00 0.000000000000000000e+00 0.000000000000000000e+00
0.000000000000000000e+00 0.000000000000000000e+00 0.000000000000000000e+00 0.000000000000000000e+00
0.000000000000000000e+00 0.000000000000000000e+00 0.000000000000000000e+00 0.000000000000000000e+00
0.000000000000000000e+00 0.000000000000000000e+00 0.000000000000000000e+00 0.000000000000000000e+00
0.000000000000000000e+00 0.000000000000000000e+00 0.000000000000000000e+00 0.000000000000000000e+00
0.000000000000000000e+00 0.000000000000000000e+00 0.000000000000000000e+00 0.000000000000000000e+00
0.000000000000000000e+00 0.000000000000000000e+00 0.000000000000000000e+00 0.000000000000000000e+00
0.000000000000000000e+00 0.000000000000000000e+00 0.000000000000000000e+00 0.000000000000000000e+00
0.000000000000000000e+00 0.000000000000000000e+00 0.000000000000000000e+00 0.000000000000000000e+00
